<!DOCTYPE html>
<html>
    <head>
        <title>Développement</title>
        <link rel="stylesheet" href="styles/devstyle.css">
        <meta charset="UTF-8">
    </head>
    <header>
        <h3 class="liens">
            <a href="index.html">Accueil</a>
            <a href="developpement.html"> Processus de développement</a> 
            <a href="groupe.html">Le groupe</a>
        </h3>
        <h1 id="titre">Développement du programme</h1>
    </header>
    <body>
        <ul>
            <li>tentative de bibli TSPlib</li>
            <li>lecture du fichier</li>
            <li>extraction de la matrice d'adjacence</li>
            <li>transformation sous forme de tableau</li>
            <li>premiers parcours</li>
            <li>etc etc...</li>
        </ul>
        <h2>Une Bibliothèque intéressante</h2>
        <p>
            Au début du développement du programme nous avons essayer d'utiliser une Bibliothèque nommée TSPLIB95.<br>
            C'est une Bibliothèque qui permet de lire les fichier TSP et d'associer une variable à chaque information.<br>
            Elle peut également résoudre directement le problème du voyageur de commerce.<br>
            Mais nous avons pensé que le projet ne devais pas être résolu de cette façon car
            non seulement la bibliothèque ne fonctionnait pas avec les fichiers fournis <br>(nous supposons que c'est intentionnel) mais
            de plus il n'y aurais eu quasiment aucun code venant de nous.
            <br><br>
        </p>
        <h2>La lecture du fichier et le stockage des variables</h2>
        <p>
            Nous avons donc commencé par lire le fichier en associant à une variable le nom , le type , le commentaire et la dimension. <br>
            Ensuite il nous fallait une solution pour différencier les fichiers avec une mattrice d'adjacence et ceux sans. <br>
            Nous avons remarqué la présence du texte "NODE_COORD_SECTION" dans le fichier sans matrice d'adjacence, <br>"NODE_COORD_SECTION" 
            n'est pas présent dans le fichier avec la matrice. <br>
            Si le fichier contient une matrice adjacente, celle-ci est stockée dans une liste, sinon nous la calculons grace au coordonnées fournies dans le fichier TSP. <br>
            Enfin nous stockons les coordonnées dans une liste pour le calcul de la matrice d'adjacence. <br>
            <br>
        </p>
        <p>
            La lecture du fichier nous a poser un petit problème car certains espaces ont empéché la récupération direct 
            des variables de nom, type, commentaire et dimension.
            Nous avons donc remplacé les " :" en ":".
        </p>

        <h2>La matrice d'adjacence</h2>
        <p>
            Extraire la matrice à été compliqué car dans le fichier elle est sous forme de chaîne de caractère (<code>string</code>). <br>
            Pour régler ce problème, nous avons transformé la chaine de caractère en liste puis changé chaque valeur en entier 
            (<code>int</code>) et nous les avons rangé dans un tableau à deux dimensions. <br><br>
            A noter que la matrice originelle était incorrectemment alignée (la distance en les noeuds 1 et 2 était dans la même
            colonne que la distance entre les noeuds 2 et 3), nous avons donc refait l'alignement et avons completé le tableau de
            manière à ce que chaque ligne (correspondant à un noeud) ait accès directement à toutes les distances par rapport 
            aux autres noeuds. <br><br>
            Voici à quoi ressemble notre tableau après avoir été converti : <br>
        </p>
        <table>
            <tr id="index">
                <td>index</td>
                <td></td><td>0</td><td>1</td><td>2</td><td>3</td><td>4</td><td>5</td><td>6</td><td>7</td><td>8</td><td>9</td><td>10</td><td>11</td><td>12</td><td>13</td><td>14</td><td>15</td><td>16</td><td>17</td><td>18</td><td>19</td><td>20</td><td>21</td><td>22</td><td>23</td><td>24</td><td>25</td><td>26</td><td>27</td><td>28</td>
            </tr>
            <tr id="numville">
                <td id="index"></td><td>num de ville</td>
                <td>1</td><td>2</td><td>3</td><td>4</td><td>5</td><td>6</td><td>7</td><td>8</td><td>9</td><td>10</td><td>11</td><td>12</td><td>13</td><td>14</td><td>15</td><td>16</td><td>17</td><td>18</td><td>19</td><td>20</td><td>21</td><td>22</td><td>23</td><td>24</td><td>25</td><td>26</td><td>27</td><td>28</td><td>29</td>
            </tr>
            <tr>
                <td id="index">0</td><td id="numville">1</td><td>0</td><td>97</td><td>205</td><td>139</td><td>86</td><td>60</td><td>220</td><td>65</td><td>111</td><td>115</td><td>227</td><td>95</td><td>82</td><td>225</td><td>168</td><td>103</td><td>266</td><td>205</td><td>149</td><td>120</td><td>58</td><td>257</td><td>152</td><td>52</td><td>180</td><td>136</td><td>82</td><td>34</td><td>145</td>
            </tr>
            <tr>
                <td id="index">1</td><td id="numville">2</td><td>97</td><td>0</td><td>129</td><td>103</td><td>71</td><td>105</td><td>258</td><td>154</td><td>112</td><td>65</td><td>204</td><td>150</td><td>87</td><td>176</td><td>137</td><td>142</td><td>204</td><td>148</td><td>148</td><td>49</td><td>41</td><td>211</td><td>226</td><td>116</td><td>197</td><td>89</td><td>153</td><td>124</td><td>74</td>
            </tr>
            <tr>
                <td id="index">2</td><td id="numville">3</td><td>205</td><td>129</td><td>0</td><td>219</td><td>125</td><td>175</td><td>386</td><td>269</td><td>134</td><td>184</td><td>313</td><td>201</td><td>215</td><td>267</td><td>248</td><td>271</td><td>274</td><td>236</td><td>272</td><td>160</td><td>151</td><td>300</td><td>350</td><td>239</td><td>322</td><td>78</td><td>276</td><td>220</td><td>60</td>
            </tr>
            <tr>
                <td id="index">3</td><td id="numville">4</td><td>139</td><td>103</td><td>219</td><td>0</td><td>167</td><td>182</td><td>180</td><td>162</td><td>208</td><td>39</td><td>102</td><td>227</td><td>60</td><td>86</td><td>34</td><td>96</td><td>129</td><td>69</td><td>58</td><td>60</td><td>120</td><td>119</td><td>192</td><td>114</td><td>110</td><td>192</td><td>136</td><td>173</td><td>173</td>
            </tr>
            <tr>
                <td id="index">4</td><td id="numville">5</td><td>86</td><td>71</td><td>125</td><td>167</td><td>0</td><td>51</td><td>296</td><td>150</td><td>42</td><td>131</td><td>268</td><td>88</td><td>131</td><td>245</td><td>201</td><td>175</td><td>275</td><td>218</td><td>202</td><td>119</td><td>50</td><td>281</td><td>238</td><td>131</td><td>244</td><td>51</td><td>166</td><td>95</td><td>69</td>
            </tr>
            <tr>
                <td id="index">5</td><td id="numville">6</td><td>60</td><td>105</td><td>175</td><td>182</td><td>51</td><td>0</td><td>279</td><td>114</td><td>56</td><td>150</td><td>278</td><td>46</td><td>133</td><td>266</td><td>214</td><td>162</td><td>302</td><td>242</td><td>203</td><td>146</td><td>67</td><td>300</td><td>205</td><td>111</td><td>238</td><td>98</td><td>139</td><td>52</td><td>120</td>
            </tr>
            <tr>
                <td id="index">6</td><td id="numville">7</td><td>220</td><td>258</td><td>386</td><td>180</td><td>296</td><td>279</td><td>0</td><td>178</td><td>328</td><td>206</td><td>147</td><td>308</td><td>172</td><td>203</td><td>165</td><td>121</td><td>251</td><td>216</td><td>122</td><td>231</td><td>249</td><td>209</td><td>111</td><td>169</td><td>72</td><td>338</td><td>144</td><td>237</td><td>331</td>
            </tr>
            <tr>
                <td id="index">7</td><td id="numville">8</td><td>65</td><td>154</td><td>269</td><td>162</td><td>150</td><td>114</td><td>178</td><td>0</td><td>169</td><td>151</td><td>227</td><td>133</td><td>104</td><td>242</td><td>182</td><td>84</td><td>290</td><td>230</td><td>146</td><td>165</td><td>121</td><td>270</td><td>91</td><td>48</td><td>158</td><td>200</td><td>39</td><td>64</td><td>210</td>
            </tr>
            <tr>
                <td id="index">8</td><td id="numville">9</td><td>111</td><td>112</td><td>134</td><td>208</td><td>42</td><td>56</td><td>328</td><td>169</td><td>0</td><td>172</td><td>309</td><td>68</td><td>169</td><td>286</td><td>242</td><td>208</td><td>315</td><td>259</td><td>240</td><td>160</td><td>90</td><td>322</td><td>260</td><td>160</td><td>281</td><td>57</td><td>192</td><td>107</td><td>90</td>
            </tr>
            <tr>
                <td id="index">9</td><td id="numville">10</td><td>115</td><td>65</td><td>184</td><td>39</td><td>131</td><td>150</td><td>206</td><td>151</td><td>172</td><td>0</td><td>140</td><td>195</td><td>51</td><td>117</td><td>72</td><td>104</td><td>153</td><td>93</td><td>88</td><td>25</td><td>85</td><td>152</td><td>200</td><td>104</td><td>139</td><td>154</td><td>134</td><td>149</td><td>135</td>
            </tr>
            <tr>
                <td id="index">10</td><td id="numville">11</td><td>227</td><td>204</td><td>313</td><td>102</td><td>268</td><td>278</td><td>147</td><td>227</td><td>309</td><td>140</td><td>0</td><td>320</td><td>146</td><td>64</td><td>68</td><td>143</td><td>106</td><td>88</td><td>81</td><td>159</td><td>219</td><td>63</td><td>216</td><td>187</td><td>88</td><td>293</td><td>191</td><td>258</td><td>272</td>
            </tr>
            <tr>
                <td id="index">11</td><td id="numville">12</td><td>95</td><td>150</td><td>201</td><td>227</td><td>88</td><td>46</td><td>308</td><td>133</td><td>68</td><td>195</td><td>320</td><td>0</td><td>174</td><td>311</td><td>258</td><td>196</td><td>347</td><td>288</td><td>243</td><td>192</td><td>113</td><td>345</td><td>222</td><td>144</td><td>274</td><td>124</td><td>165</td><td>71</td><td>153</td>
            </tr>
            <tr>
                <td id="index">12</td><td id="numville">13</td><td>82</td><td>87</td><td>215</td><td>60</td><td>131</td><td>133</td><td>172</td><td>104</td><td>169</td><td>51</td><td>146</td><td>174</td><td>0</td><td>144</td><td>86</td><td>57</td><td>189</td><td>128</td><td>71</td><td>71</td><td>82</td><td>176</td><td>150</td><td>56</td><td>114</td><td>168</td><td>83</td><td>115</td><td>160</td>
            </tr>
            <tr>
                <td id="index">13</td><td id="numville">14</td><td>225</td><td>176</td><td>267</td><td>86</td><td>245</td><td>266</td><td>203</td><td>242</td><td>286</td><td>117</td><td>64</td><td>311</td><td>144</td><td>0</td><td>61</td><td>165</td><td>51</td><td>32</td><td>105</td><td>127</td><td>201</td><td>36</td><td>254</td><td>196</td><td>136</td><td>260</td><td>212</td><td>258</td><td>234</td>
            </tr>
            <tr>
                <td id="index">14</td><td id="numville">15</td><td>168</td><td>137</td><td>248</td><td>34</td><td>201</td><td>214</td><td>165</td><td>182</td><td>242</td><td>72</td><td>68</td><td>258</td><td>86</td><td>61</td><td>0</td><td>106</td><td>110</td><td>56</td><td>49</td><td>91</td><td>153</td><td>91</td><td>197</td><td>136</td><td>94</td><td>225</td><td>151</td><td>201</td><td>205</td>
            </tr>
            <tr>
                <td id="index">15</td><td id="numville">16</td><td>103</td><td>142</td><td>271</td><td>96</td><td>175</td><td>162</td><td>121</td><td>84</td><td>208</td><td>104</td><td>143</td><td>196</td><td>57</td><td>165</td><td>106</td><td>0</td><td>215</td><td>159</td><td>64</td><td>126</td><td>128</td><td>190</td><td>98</td><td>53</td><td>78</td><td>218</td><td>48</td><td>127</td><td>214</td>
            </tr>
            <tr>
                <td id="index">16</td><td id="numville">17</td><td>266</td><td>204</td><td>274</td><td>129</td><td>275</td><td>302</td><td>251</td><td>290</td><td>315</td><td>153</td><td>106</td><td>347</td><td>189</td><td>51</td><td>110</td><td>215</td><td>0</td><td>61</td><td>155</td><td>157</td><td>235</td><td>47</td><td>305</td><td>243</td><td>186</td><td>282</td><td>261</td><td>300</td><td>252</td>
            </tr>
            <tr>
                <td id="index">17</td><td id="numville">18</td><td>205</td><td>148</td><td>236</td><td>69</td><td>218</td><td>242</td><td>216</td><td>230</td><td>259</td><td>93</td><td>88</td><td>288</td><td>128</td><td>32</td><td>56</td><td>159</td><td>61</td><td>0</td><td>105</td><td>100</td><td>176</td><td>66</td><td>253</td><td>183</td><td>146</td><td>231</td><td>203</td><td>239</td><td>204</td>
            </tr>
            <tr>
                <td id="index">18</td><td id="numville">19</td><td>149</td><td>148</td><td>272</td><td>58</td><td>202</td><td>203</td><td>122</td><td>146</td><td>240</td><td>88</td><td>81</td><td>243</td><td>71</td><td>105</td><td>49</td><td>64</td><td>155</td><td>105</td><td>0</td><td>113</td><td>152</td><td>127</td><td>150</td><td>106</td><td>52</td><td>235</td><td>112</td><td>179</td><td>221</td>
            </tr>
            <tr>
                <td id="index">19</td><td id="numville">20</td><td>120</td><td>49</td><td>160</td><td>60</td><td>119</td><td>146</td><td>231</td><td>165</td><td>160</td><td>25</td><td>159</td><td>192</td><td>71</td><td>127</td><td>91</td><td>126</td><td>157</td><td>100</td><td>113</td><td>0</td><td>79</td><td>163</td><td>220</td><td>119</td><td>164</td><td>135</td><td>152</td><td>153</td><td>114</td>
            </tr>
            <tr>
                <td id="index">20</td><td id="numville">21</td><td>58</td><td>41</td><td>151</td><td>120</td><td>50</td><td>67</td><td>249</td><td>121</td><td>90</td><td>85</td><td>219</td><td>113</td><td>82</td><td>201</td><td>153</td><td>128</td><td>235</td><td>176</td><td>152</td><td>79</td><td>0</td><td>236</td><td>201</td><td>90</td><td>195</td><td>90</td><td>127</td><td>84</td><td>91</td>
            </tr>
            <tr>
                <td id="index">21</td><td id="numville">22</td><td>257</td><td>211</td><td>300</td><td>119</td><td>281</td><td>300</td><td>209</td><td>270</td><td>322</td><td>152</td><td>63</td><td>345</td><td>176</td><td>36</td><td>91</td><td>190</td><td>47</td><td>66</td><td>127</td><td>163</td><td>236</td><td>0</td><td>273</td><td>226</td><td>148</td><td>296</td><td>238</td><td>291</td><td>269</td>
            </tr>
            <tr>
                <td id="index">22</td><td id="numville">23</td><td>152</td><td>226</td><td>350</td><td>192</td><td>238</td><td>205</td><td>111</td><td>91</td><td>260</td><td>200</td><td>216</td><td>222</td><td>150</td><td>254</td><td>197</td><td>98</td><td>305</td><td>253</td><td>150</td><td>220</td><td>201</td><td>273</td><td>0</td><td>112</td><td>130</td><td>286</td><td>74</td><td>155</td><td>291</td>
            </tr>
            <tr>
                <td id="index">23</td><td id="numville">24</td><td>52</td><td>116</td><td>239</td><td>114</td><td>131</td><td>111</td><td>169</td><td>48</td><td>160</td><td>104</td><td>187</td><td>144</td><td>56</td><td>196</td><td>136</td><td>53</td><td>243</td><td>183</td><td>106</td><td>119</td><td>90</td><td>226</td><td>112</td><td>0</td><td>130</td><td>178</td><td>38</td><td>75</td><td>180</td>
            </tr>
            <tr>
                <td id="index">24</td><td id="numville">25</td><td>180</td><td>197</td><td>322</td><td>110</td><td>244</td><td>238</td><td>72</td><td>158</td><td>281</td><td>139</td><td>88</td><td>274</td><td>114</td><td>136</td><td>94</td><td>78</td><td>186</td><td>146</td><td>52</td><td>164</td><td>195</td><td>148</td><td>130</td><td>130</td><td>0</td><td>281</td><td>120</td><td>205</td><td>270</td>
            </tr>
            <tr>
                <td id="index">25</td><td id="numville">26</td><td>136</td><td>89</td><td>78</td><td>192</td><td>51</td><td>98</td><td>338</td><td>200</td><td>57</td><td>154</td><td>293</td><td>124</td><td>168</td><td>260</td><td>225</td><td>218</td><td>282</td><td>231</td><td>235</td><td>135</td><td>90</td><td>296</td><td>286</td><td>178</td><td>281</td><td>0</td><td>213</td><td>145</td><td>36</td>
            </tr>
            <tr>
                <td id="index">26</td><td id="numville">27</td><td>82</td><td>153</td><td>276</td><td>136</td><td>166</td><td>139</td><td>144</td><td>39</td><td>192</td><td>134</td><td>191</td><td>165</td><td>83</td><td>212</td><td>151</td><td>48</td><td>261</td><td>203</td><td>112</td><td>152</td><td>127</td><td>238</td><td>74</td><td>38</td><td>120</td><td>213</td><td>0</td><td>94</td><td>217</td>
            </tr>
            <tr>
                <td id="index">27</td><td id="numville">28</td><td>34</td><td>124</td><td>220</td><td>173</td><td>95</td><td>52</td><td>237</td><td>64</td><td>107</td><td>149</td><td>258</td><td>71</td><td>115</td><td>258</td><td>201</td><td>127</td><td>300</td><td>239</td><td>179</td><td>153</td><td>84</td><td>291</td><td>155</td><td>75</td><td>205</td><td>145</td><td>94</td><td>0</td><td>162</td>
            </tr>
            <tr>
                <td id="index">28</td><td id="numville">29</td><td>145</td><td>74</td><td>60</td><td>173</td><td>69</td><td>120</td><td>331</td><td>210</td><td>90</td><td>135</td><td>272</td><td>153</td><td>160</td><td>234</td><td>205</td><td>214</td><td>252</td><td>204</td><td>221</td><td>114</td><td>91</td><td>269</td><td>291</td><td>180</td><td>270</td><td>36</td><td>217</td><td>162</td><td>0</td>
            </tr>
        </table>
        
        <h2>La création du chemin</h2>
        <p>
            Lors de la première tentative de création du chemin nous étions parti du principe que le code allait partir de la ville 1 et aller à la ville la plus proche et ainsi de suite.<br>
            Mais le problème de cette technique est que le chemin n'est clairement pas optimiser et ne passe pas par toutes les villes. De plus le chemin pouvait passer plusieurs fois par la même ville.<br>
            Donc nous avons initialisé un chemin de base qui commence à la ville 1 puis passe part toutes les villes de 1 à la dernière, puis nous utilisons une fonction nommée "permutation"
            qui permet d'optimiser le chemin.<br>
        </p>

        <h2>L'affichage du chemin</h2>
        <p>

        </p>

        <h2>La création du fichier réponse</h2>
        <p>
            C'est la dernière étape de notre code.<br>
            Après l'affichage du chemin, notre code crée un fichier nommé "solution.txt" avec le nom du fichier, le type, le commentaire et le chemin.<br>
            Cette étape était la plus facile à coder.<br>
        </p>
        <img src="ProjetL1MI.png" alt="Image du diagramme de gantt">
    </body>
</html>